(19.995001, 20.004999, 0.000000) center
20.004999 20.000000
xgap = 0.004999
1.495001 -0.495001
20.004999 20.000000
xgap = 0.004999
1.495001 -0.495001
20.004999 20.000000
xgap = 0.004999
1.495001 -0.495001
20.004999 20.000000
xgap = 0.004999
1.495001 -0.495001
20.004999 20.000000
xgap = 0.004999
1.495001 -0.495001
20.004999 20.000000
xgap = 0.004999
1.495001 -0.495001
20.004999 20.000000
xgap = 0.004999
1.495001 -0.495001
20.004999 20.000000
xgap = 0.004999
1.495001 -0.495001
20.004999 20.000000
xgap = 0.004999
1.495001 -0.495001
20.004999 20.000000
xgap = 0.004999
1.495001 -0.495001
20.004999 20.000000
xgap = 0.004999
1.495001 -0.495001
20.004999 20.000000
xgap = 0.004999
1.495001 -0.495001
20.004999 20.000000
xgap = 0.004999
1.495001 -0.495001
20.004999 20.000000
xgap = 0.004999
1.495001 -0.495001
20.004999 20.000000
xgap = 0.004999
1.495001 -0.495001
20.004999 20.000000
xgap = 0.004999
1.495001 -0.495001
20.004999 20.000000
xgap = 0.004999
1.495001 -0.495001
20.004999 20.000000
xgap = 0.004999
1.495001 -0.495001
20.004999 20.000000
xgap = 0.004999
1.495001 -0.495001
20.004999 20.000000
xgap = 0.004999
1.495001 -0.495001
20.004999 20.000000
xgap = 0.004999
1.495001 -0.495001
20.004999 20.000000
xgap = 0.004999
1.495001 -0.495001
20.004999 20.000000
xgap = 0.004999
1.495001 -0.495001
20.004999 20.000000
xgap = 0.004999
1.495001 -0.495001
20.004999 20.000000
xgap = 0.004999
1.495001 -0.495001
20.004999 20.000000
xgap = 0.004999
1.495001 -0.495001
20.004999 20.000000
xgap = 0.004999
1.495001 -0.495001
20.004999 20.000000
xgap = 0.004999
1.495001 -0.495001
20.004999 20.000000
xgap = 0.004999
1.495001 -0.495001
20.004999 20.000000
xgap = 0.004999
1.495001 -0.495001
20.004999 20.000000
xgap = 0.004999
1.495001 -0.495001
20.004999 20.000000
xgap = 0.004999
1.495001 -0.495001
20.004999 20.000000
xgap = 0.004999
1.495001 -0.495001
20.004999 20.000000
xgap = 0.004999
1.495001 -0.495001
20.004999 20.000000
xgap = 0.004999
1.495001 -0.495001
20.004999 20.000000
xgap = 0.004999
1.495001 -0.495001
20.004999 20.000000
xgap = 0.004999
1.495001 -0.495001
20.004999 20.000000
xgap = 0.004999
1.495001 -0.495001
20.004999 20.000000
xgap = 0.004999
1.495001 -0.495001
20.004999 20.000000
xgap = 0.004999
1.495001 -0.495001
20.004999 20.000000
xgap = 0.004999
1.495001 -0.495001
20.004999 20.000000
xgap = 0.004999
1.495001 -0.495001
20.004999 20.000000
xgap = 0.004999
1.495001 -0.495001
20.004999 20.000000
xgap = 0.004999
1.495001 -0.495001
20.004999 20.000000
xgap = 0.004999
1.495001 -0.495001
20.004999 20.000000
xgap = 0.004999
1.495001 -0.495001
20.004999 20.000000
xgap = 0.004999
1.495001 -0.495001
