(19.995001, 20.004999, 0.000000) center
xgap = 0.504999
0.995001 0.004999
0.502475 0.002525
xgap = 0.504999
0.995001 0.004999
0.502475 0.002525
xgap = 0.504999
0.995001 0.004999
0.502475 0.002525
xgap = 0.504999
0.995001 0.004999
0.502475 0.002525
xgap = 0.504999
0.995001 0.004999
0.502475 0.002525
xgap = 0.504999
0.995001 0.004999
0.502475 0.002525
xgap = 0.504999
0.995001 0.004999
0.502475 0.002525
xgap = 0.504999
0.995001 0.004999
0.502475 0.002525
xgap = 0.504999
0.995001 0.004999
0.502475 0.002525
xgap = 0.504999
0.995001 0.004999
0.502475 0.002525
xgap = 0.504999
0.995001 0.004999
0.502475 0.002525
xgap = 0.504999
0.995001 0.004999
0.502475 0.002525
xgap = 0.504999
0.995001 0.004999
0.502475 0.002525
xgap = 0.504999
0.995001 0.004999
0.502475 0.002525
xgap = 0.504999
0.995001 0.004999
0.502475 0.002525
xgap = 0.504999
0.995001 0.004999
0.502475 0.002525
xgap = 0.504999
0.995001 0.004999
0.502475 0.002525
xgap = 0.504999
0.995001 0.004999
0.502475 0.002525
xgap = 0.504999
0.995001 0.004999
0.502475 0.002525
xgap = 0.504999
0.995001 0.004999
0.502475 0.002525
xgap = 0.504999
0.995001 0.004999
0.502475 0.002525
xgap = 0.504999
0.995001 0.004999
0.502475 0.002525
xgap = 0.504999
0.995001 0.004999
0.502475 0.002525
xgap = 0.504999
0.995001 0.004999
0.502475 0.002525
xgap = 0.504999
0.995001 0.004999
0.502475 0.002525
xgap = 0.504999
0.995001 0.004999
0.502475 0.002525
xgap = 0.504999
0.995001 0.004999
0.502475 0.002525
xgap = 0.504999
0.995001 0.004999
0.502475 0.002525
xgap = 0.504999
0.995001 0.004999
0.502475 0.002525
xgap = 0.504999
0.995001 0.004999
0.502475 0.002525
xgap = 0.504999
0.995001 0.004999
0.502475 0.002525
xgap = 0.504999
0.995001 0.004999
0.502475 0.002525
xgap = 0.504999
0.995001 0.004999
0.502475 0.002525
